x
-1 1
1 23 235
2 19 231
3 21 232
4 30 232
5 23 232
6 40 246
7 44 249
8 45 246
9 45 248
10 40 243
11 10 233
12 15 233
13 44 233
14 53 233
15 51 233
16 48 233
17 65 233
18 65 232
19 63 231
20 62 235
21 60 236
22 56 232
23 52 234
24 47 234
25 42 236
26 37 233
27 35 232
28 34 238
29 36 232
30 29 233
31 25 237
32 21 238
33 23 238
34 19 239
35 21 242
36 30 235
37 41 235
38 65 245
39 49 243
40 49 235
41 49 237
42 35 235
43 7 236
44 25 236
45 65 236
46 69 236
47 55 236
48 49 237
49 71 237
50 68 236
51 64 236
52 66 242
53 61 245
54 54 234
55 52 236
56 46 242
57 42 241
58 38 236
59 31 235
60 35 243
61 36 235
62 30 236
63 29 246
64 31 246
65 23 252
66 20 249
67 23 241
68 31 234
69 64 234
70 74 239
71 50 234
72 54 234
73 54 234
74 32 234
75 11 234
76 36 234
77 60 234
78 67 234
79 47 235
80 39 239
81 73 236
82 68 236
83 59 235
84 62 239
85 58 232
86 55 231
87 48 236
88 45 243
89 43 245
90 40 234
91 4 238
92 38 248
93 49 237
94 48 235
95 49 250
96 48 245
97 23 245
98 21 244
99 24 244
100 23 242
101 74 244
102 68 243
103 55 235
104 50 235
105 58 234
106 28 234
107 17 234
108 37 234
109 43 234
110 51 234
111 40 235
112 39 240
113 73 233
114 64 232
115 63 233
116 58 228
117 59 209
118 56 210
119 50 230
120 58 243
121 59 248
122 37 234
123 26 238
124 55 250
125 73 238
126 71 235
127 65 249
128 38 244
129 25 245
130 23 243
131 23 244
132 21 244
133 72 245
134 61 241
135 61 235
136 55 235
137 62 234
138 22 234
139 15 235
140 22 246
141 31 234
142 35 234
143 51 235
144 63 235
145 72 236
146 66 233
147 67 232
148 69 212
149 66 195
150 80 199
151 51 224
152 78 237
153 58 247
154 61 235
155 48 235
156 86 246
157 88 235
158 84 236
159 75 248
160 73 242
161 26 245
162 27 244
163 26 244
164 23 243
165 49 245
166 58 237
167 64 235
168 57 235
169 59 234
170 20 235
171 17 237
172 28 237
173 50 234
174 61 232
175 71 235
176 66 229
177 69 208
178 66 206
179 68 235
180 56 198
181 41 192
182 83 190
183 70 222
184 69 235
185 75 245
186 62 236
187 58 236
188 67 241
189 87 236
190 80 237
191 73 243
192 66 237
193 30 245
194 26 243
195 27 243
196 25 244
197 37 241
198 62 237
199 43 237
200 49 236
201 49 237
202 18 237
203 29 239
204 62 239
205 75 225
206 74 227
207 81 233
208 63 221
209 34 196
210 52 193
211 83 205
212 43 205
213 25 198
214 94 203
215 47 221
216 33 233
217 72 235
218 75 236
219 63 235
220 46 235
221 76 235
222 73 236
223 70 240
224 47 239
225 59 244
226 48 243
227 25 243
228 36 246
229 71 229
230 58 234
231 42 237
232 41 238
233 40 239
234 10 239
235 53 239
236 63 240
237 65 220
238 71 221
239 75 233
240 25 214
241 13 202
242 45 194
243 77 196
244 57 206
245 50 194
246 62 209
247 13 196
248 17 215
249 80 242
250 85 237
251 54 239
252 49 233
253 57 234
254 80 236
255 52 239
256 24 238
257 68 244
258 47 243
259 49 244
260 82 245
261 88 227
262 89 231
263 63 236
264 46 238
265 56 238
266 34 238
267 69 237
268 82 239
269 81 212
270 87 220
271 41 233
272 14 230
273 52 209
274 84 209
275 67 219
276 71 208
277 84 209
278 44 210
279 14 217
280 30 220
281 78 241
282 86 235
283 71 233
284 56 230
285 40 230
286 74 235
287 31 237
288 22 238
289 77 243
290 53 243
291 55 244
292 104 242
293 105 228
294 107 225
295 65 235
296 51 237
297 60 236
298 59 237
299 73 235
300 97 233
301 101 214
302 69 226
303 20 232
304 37 236
305 86 228
306 74 227
307 59 231
308 76 225
309 85 225
310 56 217
311 46 208
312 55 234
313 86 236
314 87 240
315 84 240
316 75 233
317 50 223
318 40 235
319 14 236
320 23 238
321 66 239
322 58 241
323 54 244
324 68 245
325 83 220
326 90 222
327 84 227
328 49 229
329 39 236
330 56 237
331 53 231
332 88 230
333 101 229
334 93 231
335 63 232
336 83 230
337 78 231
338 80 231
339 45 229
340 85 223
341 72 191
342 66 181
343 69 205
344 42 240
345 74 243
346 95 243
347 88 245
348 78 243
349 59 244
350 41 245
351 12 245
352 21 244
353 53 222
354 53 233
355 50 242
356 77 244
357 111 216
358 106 223
359 85 213
360 44 211
361 51 216
362 67 220
363 58 219
364 86 210
365 95 209
366 90 211
367 97 216
368 92 220
369 90 225
370 84 226
371 38 225
372 94 218
373 90 210
374 85 189
375 87 192
376 42 234
377 27 243
378 40 241
379 103 248
380 85 243
381 73 244
382 55 244
383 14 244
384 9 244
385 21 208
386 42 223
387 43 236
388 74 227
389 100 223
390 100 214
391 77 203
392 48 193
393 55 198
394 56 207
395 88 186
396 98 188
397 93 200
398 96 216
399 86 195
400 84 196
401 81 195
402 81 192
403 50 202
404 59 223
405 95 218
406 98 220
407 84 223
408 78 230
409 13 240
410 7 241
411 62 245
412 86 244
413 84 244
414 73 244
415 18 244
416 40 244
417 44 210
418 66 204
419 59 219
420 75 195
421 82 201
422 68 195
423 71 191
424 80 202
425 47 208
426 72 216
427 94 194
428 54 194
429 45 191
430 49 226
431 49 196
432 19 199
433 29 199
434 50 199
435 25 221
436 18 234
437 96 233
438 97 227
439 85 223
440 72 230
441 38 241
442 6 241
443 19 244
444 68 242
445 69 239
446 80 245
447 50 244
448 67 244
449 61 211
450 69 210
451 63 207
452 68 198
453 79 207
454 72 190
455 70 180
456 86 215
457 84 214
458 73 206
459 50 198
460 62 198
461 86 195
462 82 201
463 46 204
464 22 204
465 19 207
466 50 221
467 30 219
468 65 205
469 79 194
470 74 201
471 75 205
472 72 236
473 67 245
474 16 242
475 18 243
476 22 251
477 35 239
478 56 244
479 55 244
480 59 244
481 40 211
482 58 226
483 68 198
484 91 200
485 101 209
486 78 200
487 119 201
488 131 217
489 108 206
490 66 197
491 53 203
492 55 230
493 45 242
494 47 202
495 40 218
496 34 205
497 36 202
498 63 200
499 59 199
500 54 199
501 49 203
502 50 197
503 61 205
504 64 204
505 70 238
506 61 243
507 37 244
508 18 247
509 24 223
510 63 225
511 26 246
512 72 244
513 13 214
514 26 201
515 74 203
516 89 208
517 93 205
518 78 206
519 120 208
520 115 214
521 81 214
522 73 207
523 60 220
524 69 228
525 85 224
526 68 230
527 79 226
528 71 203
529 37 206
530 28 219
531 30 237
532 27 235
533 52 215
534 50 215
535 22 211
536 28 194
537 24 194
538 53 215
539 53 239
540 20 235
541 65 206
542 44 214
543 41 247
544 84 243
545 5 215
546 58 204
547 103 207
548 96 225
549 95 212
550 69 212
551 58 212
552 67 226
553 68 229
554 75 233
555 29 232
556 28 230
557 36 209
558 25 223
559 99 221
560 102 242
561 78 236
562 98 235
563 104 227
564 100 220
565 68 219
566 95 223
567 67 197
568 43 196
569 34 194
570 49 194
571 71 192
572 78 193
573 106 193
574 74 210
575 42 242
576 70 245
577 39 220
578 89 207
579 73 207
580 70 214
581 86 221
582 71 238
583 45 248
584 30 208
585 57 211
586 33 211
587 23 218
588 22 226
589 47 225
590 41 203
591 86 190
592 83 217
593 85 199
594 92 190
595 100 191
596 97 208
597 82 220
598 56 223
599 47 203
600 51 204
601 43 202
602 64 198
603 86 194
604 72 191
605 84 193
606 82 192
607 57 228
608 65 247
609 86 219
610 61 214
611 71 235
612 96 249
613 83 253
614 76 246
615 33 251
616 42 244
617 57 204
618 21 189
619 16 197
620 23 204
621 53 209
622 56 213
623 64 207
624 93 206
625 90 182
626 73 179
627 70 196
628 61 201
629 55 194
630 51 206
631 51 222
632 52 179
633 47 180
634 74 194
635 75 201
636 67 200
637 66 200
638 62 196
639 54 217
640 50 248
641 73 245
642 76 252
643 77 253
644 78 254
645 56 243
646 71 210
647 38 209
648 42 212
649 32 202
650 11 195
651 11 193
652 11 192
653 20 178
654 49 198
655 64 207
656 65 199
657 91 211
658 86 203
659 85 185
660 62 193
661 55 177
662 46 160
663 38 171
664 24 196
665 46 183
666 60 171
667 80 182
668 73 175
669 65 188
670 71 195
671 72 212
672 38 249
673 13 251
674 3 252
675 9 252
676 18 255
677 18 233
678 21 206
679 20 209
680 22 200
681 26 245
682 3 219
683 9 210
684 15 186
685 30 161
686 53 182
687 50 196
688 61 194
689 52 203
690 56 207
691 67 190
692 21 185
693 20 170
694 21 160
695 48 155
696 57 166
697 57 187
698 57 179
699 69 173
700 58 163
701 60 187
702 67 183
703 21 204
704 27 250
705 36 248
706 11 248
707 8 246
708 26 235
709 36 210
710 22 208
711 8 218
712 3 217
713 1 253
714 0 252
715 0 215
716 0 195
717 6 170
718 5 179
719 1 195
720 3 200
721 13 202
722 24 206
723 21 192
724 21 170
725 21 163
726 22 178
727 14 177
728 39 170
729 56 178
730 51 179
731 43 191
732 45 194
733 52 196
734 14 193
735 21 195
736 24 246
737 35 235
738 26 214
739 13 211
740 27 202
741 49 192
742 70 193
743 49 216
744 27 246
745 13 253
746 5 227
747 2 211
748 0 205
749 17 194
750 49 194
751 31 201
752 10 200
753 4 198
754 4 196
755 7 188
756 14 167
757 24 165
758 27 172
759 14 171
760 19 173
761 42 170
762 46 189
763 45 178
764 41 165
765 22 163
766 21 173
767 27 194
768 24 240
769 16 211
770 13 206
771 4 206
772 3 209
773 37 194
774 59 191
775 54 211
776 28 254
777 16 241
778 4 216
779 2 198
780 0 171
781 7 194
782 28 206
783 30 201
784 33 201
785 39 200
786 37 197
787 31 177
788 25 165
789 24 156
790 17 197
791 10 175
792 14 163
793 20 159
794 47 181
795 39 176
796 35 168
797 18 152
798 30 150
799 27 186
800 25 225
801 40 210
802 12 204
803 0 201
804 0 193
805 12 197
806 30 196
807 32 215
808 21 255
809 7 205
810 2 206
811 2 169
812 3 151
813 0 177
814 30 208
815 29 198
816 31 205
817 35 196
818 24 194
819 32 195
820 39 187
821 33 205
822 24 203
823 17 179
824 17 181
825 31 155
826 38 160
827 30 159
828 28 155
829 12 152
830 25 152
831 24 174
832 30 211
833 52 210
834 26 202
835 1 198
836 1 187
837 4 177
838 12 185
839 18 224
840 12 240
841 4 209
842 2 203
843 2 164
844 4 165
845 1 180
846 24 202
847 25 187
848 29 203
849 39 195
850 38 191
851 34 179
852 44 182
853 44 184
854 45 177
855 42 173
856 27 167
857 17 156
858 30 141
859 27 131
860 12 141
861 6 157
862 18 162
863 28 173
864 31 206
865 30 210
866 29 200
867 1 194
868 2 181
869 2 180
870 5 170
871 7 202
872 4 215
873 1 212
874 1 199
875 1 189
876 3 184
877 1 203
878 27 185
879 33 173
880 37 205
881 38 198
882 44 169
883 32 157
884 46 182
885 41 169
886 37 178
887 29 169
888 20 150
889 4 152
890 17 132
891 10 127
892 3 133
893 7 149
894 10 165
895 17 176
896 23 199
897 33 208
898 31 194
899 6 189
900 3 180
901 2 173
902 1 158
903 1 189
904 1 211
905 1 211
906 1 197
907 1 194
908 1 199
909 0 191
910 8 172
911 10 166
912 11 168
913 11 158
914 13 147
915 8 144
916 49 169
917 30 159
918 35 173
919 38 180
920 15 152
921 2 144
922 2 137
923 1 134
924 3 136
925 6 151
926 10 162
927 15 177
928 13 196
929 31 194
930 30 177
931 19 176
932 11 181
933 8 167
934 5 161
935 2 179
936 2 205
937 3 208
938 3 203
939 3 194
940 2 190
941 0 181
942 4 165
943 14 158
944 12 162
945 10 153
946 9 145
947 6 139
948 23 153
949 28 159
950 36 167
951 30 156
952 7 158
953 3 159
954 4 150
955 5 148
956 5 144
957 7 156
958 11 169
959 9 182
960 4 188
961 23 172
962 27 166
963 25 179
964 28 185
965 27 167
966 22 167
967 17 170
968 16 199
969 18 206
970 17 199
971 20 199
972 19 194
973 19 177
974 23 157
975 29 137
976 28 146
977 24 146
978 21 143
979 16 140
980 12 136
981 20 140
982 22 151
983 8 152
984 6 157
985 8 166
986 7 156
987 8 153
988 8 148
989 11 159
990 15 174
991 4 185
992 5 187
993 28 159
994 30 178
995 24 183
996 34 171
997 33 158
998 34 146
999 27 145
1000 37 183
1001 32 197
1002 26 191
1003 22 183
1004 29 176
1005 25 192
1006 24 183
1007 15 165
1008 12 186
1009 8 207
1010 19 170
1011 30 148
1012 28 143
1013 25 144
1014 27 157
1015 19 156
1016 12 161
1017 14 169
1018 16 159
1019 15 148
1020 13 156
1021 18 158
1022 5 168
1023 4 182
1024 7 186
1025 19 235
1026 21 231
1027 16 232
1028 46 232
1029 33 232
1030 57 232
1031 75 232
1032 80 232
1033 83 232
1034 70 232
1035 20 233
1036 34 233
1037 65 233
1038 67 233
1039 67 235
1040 56 237
1041 50 231
1042 50 233
1043 59 238
1044 50 239
1045 52 241
1046 56 239
1047 50 241
1048 39 241
1049 22 242
1050 34 233
1051 41 235
1052 36 243
1053 29 237
1054 18 233
1055 21 239
1056 19 241
1057 20 238
1058 20 235
1059 17 235
1060 31 235
1061 56 235
1062 74 235
1063 72 235
1064 66 235
1065 68 235
1066 62 235
1067 18 236
1068 48 236
1069 50 236
1070 54 238
1071 55 239
1072 46 243
1073 41 236
1074 42 240
1075 39 242
1076 41 245
1077 40 247
1078 35 237
1079 30 239
1080 33 245
1081 34 245
1082 40 236
1083 30 239
1084 27 248
1085 28 236
1086 21 236
1087 22 246
1088 18 247
1089 20 237
1090 20 234
1091 20 234
1092 21 235
1093 58 234
1094 61 239
1095 56 234
1096 49 234
1097 48 234
1098 45 234
1099 20 234
1100 40 234
1101 38 234
1102 42 234
1103 43 235
1104 38 244
1105 34 233
1106 35 236
1107 30 238
1108 28 243
1109 35 235
1110 33 235
1111 31 234
1112 34 241
1113 46 247
1114 34 234
1115 13 240
1116 14 250
1117 21 238
1118 20 235
1119 19 249
1120 17 244
1121 20 245
1122 20 244
1123 21 244
1124 17 243
1125 62 244
1126 48 244
1127 43 235
1128 36 235
1129 35 234
1130 35 235
1131 26 234
1132 32 234
1133 31 234
1134 33 234
1135 34 235
1136 32 244
1137 29 233
1138 30 232
1139 27 237
1140 29 235
1141 32 222
1142 28 216
1143 29 228
1144 37 241
1145 42 248
1146 18 234
1147 11 238
1148 15 250
1149 22 237
1150 19 235
1151 16 247
1152 17 242
1153 21 245
1154 20 244
1155 21 244
1156 19 244
1157 52 245
1158 36 240
1159 32 235
1160 27 235
1161 28 234
1162 29 237
1163 26 235
1164 26 235
1165 26 234
1166 26 234
1167 28 235
1168 30 236
1169 28 238
1170 28 237
1171 28 236
1172 28 225
1173 28 194
1174 48 205
1175 56 224
1176 42 236
1177 25 247
1178 18 235
1179 13 235
1180 25 246
1181 27 236
1182 31 236
1183 19 245
1184 17 239
1185 22 245
1186 22 244
1187 23 244
1188 22 243
1189 26 246
1190 26 235
1191 25 236
1192 22 235
1193 23 234
1194 25 238
1195 26 236
1196 25 236
1197 24 235
1198 24 233
1199 27 237
1200 31 231
1201 29 216
1202 30 208
1203 33 239
1204 30 204
1205 33 179
1206 77 197
1207 82 227
1208 60 233
1209 41 246
1210 27 236
1211 30 236
1212 44 239
1213 43 236
1214 45 237
1215 24 241
1216 19 237
1217 24 245
1218 19 243
1219 21 243
1220 20 244
1221 22 240
1222 23 236
1223 22 237
1224 21 237
1225 22 235
1226 22 235
1227 25 236
1228 26 237
1229 24 229
1230 25 230
1231 29 237
1232 35 226
1233 32 197
1234 31 192
1235 35 212
1236 30 192
1237 37 178
1238 87 202
1239 55 225
1240 37 233
1241 56 238
1242 40 237
1243 43 236
1244 45 235
1245 36 236
1246 30 238
1247 23 237
1248 21 237
1249 17 244
1250 17 243
1251 16 243
1252 18 247
1253 22 234
1254 23 237
1255 22 238
1256 22 237
1257 24 237
1258 20 237
1259 26 236
1260 27 238
1261 25 213
1262 27 222
1263 29 236
1264 39 218
1265 26 204
1266 45 201
1267 51 201
1268 48 191
1269 59 182
1270 64 204
1271 18 187
1272 11 214
1273 34 239
1274 37 239
1275 31 238
1276 32 238
1277 25 239
1278 22 239
1279 22 239
1280 21 238
1281 17 244
1282 18 243
1283 18 244
1284 18 245
1285 21 240
1286 22 238
1287 23 237
1288 23 236
1289 25 236
1290 24 236
1291 28 237
1292 30 239
1293 37 199
1294 56 221
1295 51 234
1296 23 231
1297 59 213
1298 58 216
1299 55 228
1300 54 218
1301 61 221
1302 40 224
1303 17 233
1304 16 235
1305 26 240
1306 25 238
1307 24 239
1308 27 240
1309 26 240
1310 23 240
1311 21 240
1312 20 238
1313 19 242
1314 18 242
1315 18 244
1316 18 242
1317 21 227
1318 20 234
1319 22 236
1320 24 234
1321 24 233
1322 25 235
1323 32 237
1324 49 237
1325 62 216
1326 76 228
1327 33 234
1328 52 237
1329 49 230
1330 46 230
1331 50 236
1332 58 232
1333 56 237
1334 49 233
1335 48 219
1336 44 233
1337 41 232
1338 35 239
1339 25 239
1340 25 230
1341 25 235
1342 24 241
1343 20 240
1344 20 240
1345 20 232
1346 18 239
1347 19 243
1348 18 244
1349 21 218
1350 21 229
1351 21 228
1352 23 226
1353 25 232
1354 25 234
1355 36 236
1356 53 237
1357 49 234
1358 66 235
1359 62 237
1360 74 235
1361 76 236
1362 80 237
1363 44 237
1364 85 232
1365 95 206
1366 87 184
1367 75 205
1368 33 240
1369 46 243
1370 61 244
1371 38 246
1372 25 244
1373 24 243
1374 25 243
1375 18 245
1376 19 244
1377 21 212
1378 18 227
1379 20 242
1380 19 242
1381 24 217
1382 24 227
1383 22 213
1384 24 209
1385 25 213
1386 29 222
1387 31 226
1388 48 221
1389 85 219
1390 97 221
1391 103 225
1392 102 229
1393 98 234
1394 84 236
1395 38 237
1396 97 231
1397 96 204
1398 92 208
1399 86 200
1400 22 235
1401 24 246
1402 37 246
1403 62 248
1404 40 243
1405 21 244
1406 22 244
1407 17 244
1408 11 244
1409 4 207
1410 20 213
1411 22 228
1412 21 220
1413 24 225
1414 24 219
1415 25 208
1416 26 196
1417 25 202
1418 32 213
1419 66 199
1420 102 197
1421 114 197
1422 92 202
1423 88 201
1424 83 202
1425 64 201
1426 85 199
1427 50 216
1428 61 236
1429 105 232
1430 92 233
1431 77 234
1432 49 231
1433 15 244
1434 10 248
1435 50 247
1436 57 244
1437 26 244
1438 21 244
1439 17 244
1440 16 244
1441 20 208
1442 22 208
1443 25 202
1444 22 188
1445 23 193
1446 23 182
1447 25 201
1448 26 199
1449 26 219
1450 72 230
1451 103 199
1452 71 199
1453 70 197
1454 73 216
1455 52 201
1456 18 204
1457 17 204
1458 34 205
1459 15 227
1460 16 239
1461 106 237
1462 90 231
1463 68 228
1464 45 228
1465 35 242
1466 7 247
1467 22 249
1468 55 245
1469 33 238
1470 19 245
1471 18 244
1472 16 244
1473 24 210
1474 23 212
1475 27 208
1476 22 204
1477 24 206
1478 25 193
1479 19 165
1480 21 200
1481 55 228
1482 65 223
1483 53 180
1484 41 185
1485 61 198
1486 78 204
1487 50 207
1488 24 207
1489 11 212
1490 43 222
1491 30 219
1492 73 203
1493 81 197
1494 75 216
1495 75 209
1496 47 231
1497 47 242
1498 14 244
1499 16 245
1500 23 251
1501 27 242
1502 22 244
1503 20 244
1504 18 244
1505 26 212
1506 22 214
1507 26 210
1508 23 206
1509 25 209
1510 37 212
1511 60 207
1512 52 192
1513 76 199
1514 52 194
1515 52 194
1516 54 221
1517 43 236
1518 47 209
1519 46 228
1520 38 210
1521 35 204
1522 62 202
1523 57 202
1524 52 201
1525 47 223
1526 48 216
1527 61 217
1528 57 210
1529 51 232
1530 43 241
1531 21 245
1532 14 249
1533 31 228
1534 55 223
1535 34 246
1536 17 244
1537 15 216
1538 20 215
1539 25 214
1540 23 216
1541 33 214
1542 53 214
1543 96 212
1544 92 217
1545 73 208
1546 73 209
1547 62 224
1548 66 234
1549 81 234
1550 71 241
1551 76 238
1552 68 204
1553 33 208
1554 23 223
1555 26 245
1556 23 245
1557 48 227
1558 47 228
1559 20 222
1560 25 200
1561 21 200
1562 35 209
1563 17 238
1564 9 237
1565 72 210
1566 61 221
1567 44 247
1568 19 243
1569 5 219
1570 21 216
1571 24 216
1572 26 232
1573 40 219
1574 44 217
1575 53 214
1576 64 224
1577 65 230
1578 82 236
1579 37 238
1580 41 238
1581 49 221
1582 32 238
1583 91 238
1584 98 251
1585 70 246
1586 89 242
1587 106 233
1588 96 226
1589 56 225
1590 88 226
1591 42 212
1592 24 204
1593 11 198
1594 25 199
1595 40 200
1596 67 200
1597 92 201
1598 74 212
1599 39 243
1600 34 244
1601 22 221
1602 19 217
1603 22 213
1604 38 214
1605 93 218
1606 70 236
1607 46 247
1608 28 210
1609 54 212
1610 38 207
1611 24 212
1612 27 221
1613 56 220
1614 49 198
1615 75 184
1616 77 227
1617 76 214
1618 96 205
1619 85 203
1620 64 218
1621 54 229
1622 27 228
1623 17 201
1624 27 204
1625 26 203
1626 40 201
1627 69 200
1628 80 198
1629 62 199
1630 44 197
1631 36 226
1632 39 247
1633 19 223
1634 15 218
1635 38 232
1636 91 246
1637 76 250
1638 90 242
1639 36 250
1640 40 247
1641 39 204
1642 23 184
1643 11 191
1644 21 199
1645 50 203
1646 53 208
1647 61 200
1648 81 208
1649 80 199
1650 75 197
1651 61 211
1652 39 214
1653 39 206
1654 24 217
1655 34 227
1656 46 177
1657 31 181
1658 45 196
1659 69 205
1660 62 205
1661 42 203
1662 37 200
1663 34 214
1664 32 248
1665 18 245
1666 10 251
1667 89 250
1668 93 251
1669 51 241
1670 78 214
1671 47 212
1672 46 212
1673 13 198
1674 10 188
1675 9 190
1676 14 186
1677 31 171
1678 51 193
1679 59 198
1680 61 204
1681 82 207
1682 84 202
1683 47 198
1684 27 169
1685 49 163
1686 47 163
1687 46 172
1688 33 211
1689 25 200
1690 30 184
1691 66 177
1692 66 169
1693 45 181
1694 42 193
1695 41 208
1696 17 249
1697 14 251
1698 11 251
1699 16 251
1700 26 254
1701 26 234
1702 25 211
1703 25 212
1704 30 200
1705 15 247
1706 3 222
1707 10 209
1708 22 178
1709 45 159
1710 50 182
1711 41 196
1712 59 198
1713 48 197
1714 67 205
1715 54 174
1716 25 165
1717 26 153
1718 30 143
1719 34 137
1720 51 163
1721 40 202
1722 43 184
1723 62 165
1724 76 162
1725 61 168
1726 47 181
1727 13 201
1728 17 249
1729 10 252
1730 16 252
1731 13 249
1732 33 239
1733 45 211
1734 25 212
1735 11 213
1736 8 211
1737 4 252
1738 2 253
1739 2 224
1740 4 191
1741 13 157
1742 18 174
1743 19 183
1744 23 194
1745 25 200
1746 31 208
1747 33 195
1748 29 157
1749 25 166
1750 22 181
1751 15 180
1752 31 162
1753 49 171
1754 51 180
1755 58 193
1756 63 197
1757 64 195
1758 10 193
1759 9 199
1760 24 244
1761 10 245
1762 27 223
1763 19 217
1764 35 207
1765 44 194
1766 70 190
1767 50 210
1768 31 245
1769 15 251
1770 5 231
1771 2 199
1772 0 182
1773 17 178
1774 47 186
1775 50 205
1776 36 205
1777 26 208
1778 10 182
1779 9 171
1780 14 172
1781 17 170
1782 19 166
1783 11 170
1784 12 176
1785 23 175
1786 31 171
1787 50 159
1788 57 155
1789 23 157
1790 12 163
1791 25 192
1792 31 238
1793 10 216
1794 10 212
1795 10 212
1796 12 220
1797 34 209
1798 52 189
1799 43 207
1800 33 250
1801 18 245
1802 4 205
1803 2 177
1804 1 138
1805 8 167
1806 25 195
1807 26 207
1808 30 197
1809 37 198
1810 25 181
1811 19 159
1812 13 142
1813 12 133
1814 9 169
1815 13 150
1816 15 140
1817 12 141
1818 36 163
1819 48 157
1820 39 149
1821 14 154
1822 20 147
1823 28 184
1824 31 223
1825 7 215
1826 10 210
1827 3 208
1828 4 200
1829 6 213
1830 12 215
1831 12 213
1832 10 253
1833 6 198
1834 1 196
1835 1 131
1836 2 163
1837 0 173
1838 27 194
1839 27 184
1840 29 180
1841 32 188
1842 21 165
1843 38 153
1844 28 175
1845 22 207
1846 14 202
1847 11 177
1848 15 180
1849 20 137
1850 34 142
1851 40 140
1852 20 136
1853 7 145
1854 13 162
1855 16 182
1856 22 209
1857 11 215
1858 17 208
1859 1 205
1860 1 194
1861 1 191
1862 2 207
1863 3 229
1864 2 245
1865 1 204
1866 0 194
1867 0 159
1868 0 183
1869 1 185
1870 12 195
1871 23 201
1872 26 199
1873 35 198
1874 34 149
1875 42 139
1876 49 164
1877 42 185
1878 38 177
1879 32 169
1880 28 165
1881 21 133
1882 25 126
1883 26 128
1884 16 135
1885 3 153
1886 7 176
1887 12 187
1888 22 204
1889 19 214
1890 20 205
1891 1 200
1892 1 188
1893 0 176
1894 1 178
1895 1 219
1896 0 228
1897 0 208
1898 0 192
1899 0 173
1900 0 153
1901 2 170
1902 3 168
1903 25 155
1904 32 149
1905 25 141
1906 25 133
1907 25 142
1908 29 154
1909 41 144
1910 51 161
1911 31 149
1912 23 133
1913 8 131
1914 20 126
1915 14 127
1916 5 139
1917 6 157
1918 6 179
1919 11 191
1920 24 201
1921 23 210
1922 28 196
1923 7 192
1924 2 183
1925 2 169
1926 3 166
1927 3 192
1928 2 210
1929 1 212
1930 0 204
1931 0 183
1932 1 180
1933 3 171
1934 1 164
1935 17 158
1936 16 161
1937 15 157
1938 13 139
1939 9 135
1940 58 141
1941 44 135
1942 46 153
1943 47 156
1944 16 131
1945 4 126
1946 3 130
1947 3 135
1948 4 145
1949 6 159
1950 9 176
1951 14 197
1952 18 202
1953 33 196
1954 37 179
1955 23 179
1956 12 185
1957 10 166
1958 11 151
1959 10 181
1960 7 204
1961 4 208
1962 4 219
1963 4 214
1964 3 194
1965 6 184
1966 5 180
1967 13 165
1968 15 159
1969 11 135
1970 10 125
1971 7 123
1972 24 131
1973 40 138
1974 46 147
1975 37 135
1976 8 128
1977 4 128
1978 5 138
1979 5 148
1980 6 154
1981 9 168
1982 14 184
1983 13 201
1984 7 202
1985 34 177
1986 37 161
1987 36 170
1988 35 184
1989 30 174
1990 28 140
1991 26 156
1992 23 195
1993 21 201
1994 21 203
1995 22 217
1996 23 218
1997 27 205
1998 31 195
1999 39 180
2000 35 182
2001 29 165
2002 27 116
2003 21 109
2004 16 122
2005 23 121
2006 25 122
2007 10 122
2008 9 131
2009 11 150
2010 9 139
2011 10 156
2012 11 160
2013 14 172
2014 20 189
2015 6 200
2016 7 202
2017 41 157
2018 37 150
2019 39 161
2020 37 163
2021 42 166
2022 41 145
2023 41 128
2024 45 177
2025 47 191
2026 43 183
2027 49 185
2028 45 207
2029 40 218
2030 34 210
2031 26 196
2032 17 206
2033 8 214
2034 27 180
2035 43 124
2036 41 121
2037 33 127
2038 34 124
2039 24 132
2040 18 160
2041 20 186
2042 22 167
2043 21 167
2044 19 167
2045 22 180
2046 6 183
2047 5 195
2048 8 200
2049 13 235
2050 11 231
2051 14 232
2052 10 232
2053 9 232
2054 10 236
2055 5 238
2056 2 241
2057 3 243
2058 3 245
2059 1 244
2060 2 235
2061 4 240
2062 6 241
2063 5 242
2064 0 245
2065 1 233
2066 0 240
2067 35 245
2068 39 248
2069 22 249
2070 23 243
2071 29 243
2072 8 243
2073 13 245
2074 27 235
2075 31 239
2076 29 247
2077 19 241
2078 8 234
2079 6 243
2080 5 246
2081 13 238
2082 12 235
2083 10 235
2084 4 235
2085 7 235
2086 8 240
2087 3 240
2088 0 238
2089 4 243
2090 2 247
2091 1 245
2092 1 236
2093 2 243
2094 4 245
2095 4 245
2096 1 248
2097 1 233
2098 1 239
2099 16 243
2100 19 251
2101 7 251
2102 6 238
2103 6 238
2104 7 244
2105 32 248
2106 30 236
2107 21 243
2108 22 252
2109 19 240
2110 8 236
2111 4 250
2112 6 251
2113 7 237
2114 4 234
2115 3 234
2116 0 234
2117 4 234
2118 4 238
2119 1 239
2120 0 234
2121 4 235
2122 4 244
2123 4 236
2124 4 234
2125 4 235
2126 6 239
2127 5 238
2128 3 247
2129 4 231
2130 3 236
2131 12 241
2132 9 246
2133 4 236
2134 7 238
2135 6 235
2136 10 239
2137 36 248
2138 33 235
2139 13 242
2140 12 252
2141 15 241
2142 6 235
2143 3 251
2144 6 247
2145 1 245
2146 3 244
2147 8 244
2148 11 241
2149 18 242
2150 4 241
2151 3 235
2152 3 235
2153 5 234
2154 6 239
2155 8 234
2156 7 234
2157 8 234
2158 9 236
2159 6 235
2160 6 247
2161 7 230
2162 5 234
2163 10 240
2164 9 238
2165 4 197
2166 10 219
2167 16 229
2168 23 241
2169 30 248
2170 22 234
2171 17 239
2172 14 251
2173 15 238
2174 6 235
2175 5 248
2176 8 243
2177 12 245
2178 19 243
2179 25 244
2180 23 244
2181 23 245
2182 6 241
2183 7 235
2184 8 235
2185 7 234
2186 8 235
2187 9 235
2188 8 235
2189 9 234
2190 10 234
2191 7 235
2192 8 238
2193 9 236
2194 7 237
2195 8 238
2196 7 228
2197 8 179
2198 37 208
2199 45 229
2200 39 239
2201 16 247
2202 16 235
2203 14 235
2204 21 245
2205 14 236
2206 15 236
2207 13 246
2208 9 240
2209 24 245
2210 26 244
2211 22 244
2212 12 243
2213 9 246
2214 6 238
2215 9 235
2216 8 235
2217 5 234
2218 5 235
2219 9 236
2220 10 236
2221 11 236
2222 10 234
2223 7 237
2224 9 232
2225 10 218
2226 11 210
2227 11 237
2228 7 207
2229 20 191
2230 62 202
2231 62 230
2232 50 233
2233 34 244
2234 14 235
2235 19 235
2236 32 235
2237 23 236
2238 27 237
2239 16 242
2240 9 237
2241 12 245
2242 11 243
2243 10 243
2244 7 244
2245 8 241
2246 8 236
2247 10 235
2248 7 235
2249 6 236
2250 5 236
2251 10 237
2252 14 238
2253 13 230
2254 11 229
2255 10 238
2256 12 228
2257 9 204
2258 14 195
2259 14 210
2260 7 197
2261 22 177
2262 64 192
2263 60 205
2264 40 225
2265 53 239
2266 28 234
2267 28 233
2268 28 235
2269 20 236
2270 16 237
2271 6 237
2272 7 238
2273 3 244
2274 6 242
2275 6 242
2276 7 247
2277 11 234
2278 10 236
2279 12 235
2280 9 236
2281 9 238
2282 8 238
2283 10 237
2284 11 239
2285 9 234
2286 11 221
2287 16 235
2288 18 218
2289 6 210
2290 21 210
2291 26 211
2292 22 207
2293 42 224
2294 47 198
2295 20 185
2296 10 204
2297 30 240
2298 26 238
2299 16 237
2300 13 238
2301 9 238
2302 8 238
2303 4 238
2304 7 238
2305 7 245
2306 10 243
2307 9 246
2308 8 245
2309 11 240
2310 10 237
2311 14 235
2312 11 235
2313 13 237
2314 12 237
2315 14 237
2316 15 239
2317 19 221
2318 33 218
2319 33 231
2320 7 229
2321 22 217
2322 24 222
2323 25 235
2324 33 227
2325 49 234
2326 43 235
2327 15 240
2328 9 241
2329 20 243
2330 12 240
2331 9 240
2332 10 240
2333 8 239
2334 8 239
2335 8 239
2336 8 238
2337 12 242
2338 12 241
2339 11 243
2340 8 242
2341 12 229
2342 10 233
2343 14 233
2344 13 232
2345 14 234
2346 14 235
2347 20 236
2348 34 235
2349 39 214
2350 49 226
2351 13 232
2352 28 236
2353 21 232
2354 22 235
2355 22 241
2356 20 239
2357 24 247
2358 35 243
2359 45 226
2360 38 211
2361 35 230
2362 21 238
2363 11 237
2364 12 227
2365 6 235
2366 9 239
2367 11 239
2368 10 239
2369 12 234
2370 11 238
2371 11 243
2372 9 244
2373 12 223
2374 10 231
2375 13 225
2376 13 224
2377 13 233
2378 16 234
2379 21 234
2380 40 235
2381 32 235
2382 50 236
2383 50 238
2384 33 236
2385 25 238
2386 27 240
2387 21 241
2388 17 238
2389 15 213
2390 20 220
2391 28 208
2392 34 209
2393 32 223
2394 49 230
2395 29 246
2396 17 244
2397 9 244
2398 10 244
2399 10 244
2400 10 244
2401 9 224
2402 10 230
2403 14 242
2404 11 242
2405 14 227
2406 12 231
2407 13 215
2408 12 222
2409 12 217
2410 18 222
2411 24 225
2412 39 219
2413 61 223
2414 48 225
2415 55 230
2416 39 233
2417 29 237
2418 36 239
2419 31 241
2420 21 237
2421 19 216
2422 21 214
2423 18 217
2424 28 219
2425 19 224
2426 34 224
2427 48 248
2428 37 243
2429 10 244
2430 9 244
2431 11 244
2432 7 244
2433 0 222
2434 10 220
2435 15 233
2436 13 234
2437 16 241
2438 14 227
2439 13 208
2440 14 217
2441 12 226
2442 24 225
2443 52 221
2444 59 220
2445 71 222
2446 52 223
2447 44 225
2448 41 226
2449 34 225
2450 50 221
2451 44 220
2452 30 237
2453 26 235
2454 28 241
2455 18 240
2456 25 233
2457 12 237
2458 9 229
2459 41 243
2460 41 244
2461 25 244
2462 13 244
2463 9 244
2464 8 244
2465 11 195
2466 11 223
2467 15 214
2468 14 193
2469 17 165
2470 16 193
2471 12 205
2472 14 204
2473 20 226
2474 46 234
2475 61 221
2476 65 221
2477 70 218
2478 64 220
2479 40 223
2480 25 226
2481 22 226
2482 35 224
2483 17 233
2484 23 241
2485 33 241
2486 29 237
2487 18 235
2488 19 224
2489 33 223
2490 7 222
2491 23 223
2492 38 222
2493 40 239
2494 17 245
2495 9 243
2496 7 243
2497 15 196
2498 13 226
2499 18 222
2500 14 233
2501 16 220
2502 18 196
2503 11 164
2504 18 207
2505 34 234
2506 49 228
2507 27 190
2508 33 202
2509 46 218
2510 42 224
2511 32 227
2512 27 228
2513 12 226
2514 39 232
2515 28 227
2516 50 220
2517 39 215
2518 28 232
2519 17 231
2520 17 224
2521 36 216
2522 22 216
2523 19 218
2524 26 228
2525 31 215
2526 22 245
2527 13 243
2528 8 244
2529 16 197
2530 13 229
2531 19 224
2532 14 234
2533 14 225
2534 30 225
2535 57 218
2536 55 193
2537 52 201
2538 53 205
2539 30 207
2540 30 211
2541 64 230
2542 51 221
2543 39 236
2544 39 225
2545 35 223
2546 69 219
2547 69 218
2548 61 217
2549 44 231
2550 28 230
2551 20 236
2552 19 221
2553 25 219
2554 35 221
2555 26 220
2556 14 221
2557 32 217
2558 45 232
2559 13 245
2560 9 245
2561 17 204
2562 14 233
2563 19 222
2564 17 233
2565 24 228
2566 47 226
2567 93 224
2568 83 225
2569 79 205
2570 37 211
2571 60 225
2572 58 233
2573 76 232
2574 71 240
2575 49 238
2576 40 217
2577 46 224
2578 43 226
2579 44 250
2580 39 252
2581 45 237
2582 31 240
2583 25 231
2584 23 217
2585 21 218
2586 27 221
2587 28 221
2588 12 221
2589 55 221
2590 42 220
2591 33 246
2592 17 243
2593 18 215
2594 16 234
2595 18 221
2596 21 239
2597 36 231
2598 42 227
2599 56 226
2600 72 229
2601 96 237
2602 61 246
2603 36 245
2604 36 239
2605 45 220
2606 34 239
2607 73 241
2608 41 255
2609 45 250
2610 56 249
2611 65 244
2612 60 237
2613 32 237
2614 40 238
2615 31 232
2616 17 224
2617 14 221
2618 21 221
2619 47 219
2620 50 219
2621 64 218
2622 57 219
2623 31 242
2624 20 244
2625 17 216
2626 16 232
2627 16 222
2628 34 228
2629 92 227
2630 71 230
2631 60 235
2632 36 227
2633 71 227
2634 44 228
2635 28 228
2636 33 221
2637 62 217
2638 55 215
2639 55 193
2640 45 240
2641 43 225
2642 56 217
2643 63 217
2644 50 231
2645 42 239
2646 20 238
2647 13 225
2648 22 226
2649 20 223
2650 29 220
2651 40 217
2652 39 215
2653 39 215
2654 31 217
2655 22 232
2656 21 246
2657 13 217
2658 10 232
2659 32 225
2660 87 240
2661 88 248
2662 72 242
2663 53 242
2664 56 230
2665 31 213
2666 28 190
2667 14 189
2668 27 194
2669 59 201
2670 69 208
2671 71 202
2672 49 224
2673 42 213
2674 55 213
2675 51 228
2676 33 227
2677 36 215
2678 25 225
2679 36 242
2680 33 192
2681 25 184
2682 26 204
2683 39 218
2684 28 223
2685 25 221
2686 29 221
2687 28 227
2688 26 247
2689 12 241
2690 7 248
2691 79 247
2692 67 249
2693 73 236
2694 72 230
2695 60 228
2696 57 225
2697 10 185
2698 15 184
2699 9 190
2700 15 189
2701 38 185
2702 60 188
2703 66 195
2704 52 218
2705 46 208
2706 54 219
2707 39 216
2708 23 173
2709 46 173
2710 47 173
2711 47 184
2712 32 228
2713 20 218
2714 23 201
2715 37 191
2716 37 181
2717 28 198
2718 32 215
2719 31 223
2720 14 247
2721 13 248
2722 24 249
2723 35 249
2724 48 253
2725 52 224
2726 56 226
2727 58 226
2728 61 212
2729 12 250
2730 4 225
2731 11 192
2732 27 173
2733 47 175
2734 46 192
2735 37 208
2736 49 212
2737 51 204
2738 55 219
2739 43 162
2740 18 172
2741 25 162
2742 28 152
2743 29 136
2744 27 177
2745 21 221
2746 22 204
2747 39 173
2748 54 169
2749 40 183
2750 31 197
2751 15 212
2752 13 248
2753 9 247
2754 20 248
2755 19 245
2756 49 235
2757 58 223
2758 41 222
2759 30 222
2760 24 222
2761 17 247
2762 7 252
2763 15 232
2764 19 204
2765 19 174
2766 31 169
2767 38 197
2768 32 208
2769 39 214
2770 19 220
2771 27 207
2772 18 169
2773 17 178
2774 17 193
2775 10 192
2776 24 173
2777 34 187
2778 30 195
2779 36 210
2780 58 214
2781 57 216
2782 14 209
2783 8 210
2784 20 250
2785 5 236
2786 26 215
2787 18 215
2788 41 209
2789 59 206
2790 76 204
2791 57 201
2792 37 237
2793 15 241
2794 11 228
2795 7 197
2796 7 194
2797 20 192
2798 52 193
2799 67 219
2800 34 219
2801 16 222
2802 4 194
2803 3 196
2804 8 202
2805 14 200
2806 19 196
2807 7 200
2808 6 205
2809 17 206
2810 23 197
2811 34 192
2812 47 191
2813 29 197
2814 12 197
2815 22 214
2816 27 251
2817 7 215
2818 9 212
2819 8 201
2820 11 182
2821 46 191
2822 57 170
2823 47 198
2824 35 242
2825 20 245
2826 7 197
2827 4 171
2828 3 146
2829 15 161
2830 39 180
2831 43 221
2832 46 211
2833 34 212
2834 23 168
2835 18 150
2836 13 147
2837 15 148
2838 14 156
2839 12 152
2840 14 158
2841 7 164
2842 23 166
2843 31 168
2844 30 168
2845 19 168
2846 18 165
2847 24 217
2848 28 251
2849 9 207
2850 7 207
2851 3 203
2852 4 157
2853 7 167
2854 17 162
2855 17 209
2856 12 249
2857 7 205
2858 3 185
2859 2 131
2860 3 140
2861 2 145
2862 41 179
2863 41 195
2864 45 194
2865 40 201
2866 37 150
2867 32 138
2868 21 192
2869 17 218
2870 12 220
2871 6 199
2872 14 201
2873 15 150
2874 34 152
2875 29 147
2876 15 149
2877 11 154
2878 10 158
2879 11 210
2880 20 247
2881 11 188
2882 21 192
2883 1 206
2884 2 216
2885 0 191
2886 5 164
2887 9 234
2888 5 247
2889 2 192
2890 0 178
2891 0 177
2892 1 200
2893 1 200
2894 11 207
2895 35 212
2896 41 213
2897 40 214
2898 30 148
2899 39 123
2900 42 179
2901 44 199
2902 35 192
2903 24 190
2904 34 187
2905 24 150
2906 29 141
2907 27 140
2908 22 138
2909 7 158
2910 9 178
2911 13 209
2912 22 245
2913 15 191
2914 22 198
2915 1 205
2916 2 198
2917 0 181
2918 2 158
2919 5 233
2920 2 234
2921 0 195
2922 0 175
2923 0 157
2924 0 144
2925 0 164
2926 2 152
2927 38 135
2928 49 131
2929 38 124
2930 30 126
2931 36 130
2932 34 139
2933 39 140
2934 46 150
2935 41 173
2936 27 166
2937 9 147
2938 24 139
2939 16 133
2940 6 153
2941 8 182
2942 10 176
2943 15 207
2944 25 242
2945 21 206
2946 31 209
2947 3 198
2948 1 184
2949 0 171
2950 1 163
2951 3 178
2952 2 211
2953 1 197
2954 0 180
2955 0 170
2956 1 168
2957 2 157
2958 0 135
2959 26 131
2960 25 123
2961 23 120
2962 12 120
2963 13 130
2964 30 135
2965 29 136
2966 37 145
2967 46 168
2968 18 176
2969 3 135
2970 5 138
2971 4 151
2972 3 178
2973 5 164
2974 9 171
2975 13 212
2976 20 238
2977 33 199
2978 37 194
2979 11 194
2980 4 189
2981 2 178
2982 4 166
2983 4 169
2984 2 200
2985 1 194
2986 1 183
2987 1 172
2988 2 163
2989 6 150
2990 2 135
2991 13 137
2992 19 128
2993 15 131
2994 9 137
2995 6 139
2996 28 138
2997 25 137
2998 24 136
2999 32 131
3000 8 143
3001 2 133
3002 5 154
3003 5 179
3004 4 181
3005 6 168
3006 11 179
3007 14 223
3008 5 232
3009 37 193
3010 36 188
3011 22 190
3012 17 188
3013 15 189
3014 15 188
3015 13 145
3016 12 192
3017 12 190
3018 13 183
3019 14 178
3020 15 168
3021 20 150
3022 21 130
3023 27 115
3024 28 121
3025 27 128
3026 21 135
3027 21 144
3028 21 156
3029 24 152
3030 21 134
3031 16 127
3032 8 127
3033 8 144
3034 9 170
3035 10 197
3036 10 190
3037 13 164
3038 18 183
3039 3 232
3040 3 231
3041 27 196
3042 23 199
3043 17 208
3044 21 205
3045 26 200
3046 25 187
3047 15 165
3048 25 174
3049 26 181
3050 22 174
3051 33 164
3052 46 150
3053 42 170
3054 39 152
3055 30 136
3056 20 156
3057 11 166
3058 20 121
3059 21 137
3060 24 152
3061 23 145
3062 23 131
3063 29 130
3064 19 127
3065 19 156
3066 24 167
3067 22 182
3068 18 175
3069 17 163
3070 8 204
3071 3 225
3072 7 223
