x
-1 1
1 -3.349925756454468 1.891809701919556
2 -2.044007778167725 3.055135726928711
3 -1.972653031349182 1.043551683425903
4 -2.571756362915039 2.305119752883911
5 -2.200492382049561 1.140591502189636
6 -2.211229562759399 5.427694797515869
7 -2.561349868774414 6.001649379730225
8 -3.143291473388672 -0.2574729025363922
9 -4.342126369476318 1.070737481117249
10 -3.586672782897949 0.1186827421188354
11 -4.710060596466064 -0.1906836032867432
12 -2.299502372741699 0.2399343550205231
13 -3.360306978225708 0.7937991619110107
14 -2.568654537200928 0.7429767251014709
15 0.2725704312324524 5.444005489349365
16 -4.42572021484375 -0.256765753030777
17 -3.459681034088135 -1.243407249450684
18 -0.2827008962631226 4.454738140106201
19 -0.4425026476383209 2.682252168655396
20 -2.874961614608765 2.655669212341309
21 -5.362966060638428 -1.005007028579712
22 -3.759104251861572 0.816247820854187
23 -4.741475105285645 0.6477051377296448
24 -3.675247192382812 0.6331148743629456
25 -2.263169050216675 0.5403475761413574
26 -3.786588430404663 -2.250021696090698
27 -2.255135774612427 -1.152462363243103
28 -1.258477330207825 -0.6110848784446716
29 -4.488034725189209 0.6145182847976685
30 -3.444996356964111 -0.3735551238059998
31 -3.38994312286377 3.01863694190979
32 -1.721425294876099 2.591014623641968
33 -3.563596248626709 0.012160524725914
34 -3.617742538452148 3.426139831542969
35 -2.107138872146606 3.020686149597168
36 -3.355271816253662 3.079565048217773
37 -1.924213647842407 5.056575298309326
38 -3.95148777961731 4.433821678161621
39 -3.535311460494995 -0.7126033306121826
40 -3.670486927032471 -1.667484402656555
41 -2.76873517036438 2.54261302947998
42 -3.681596279144287 -0.03256522864103317
43 -3.543525218963623 -0.5677022337913513
44 -4.267886161804199 -0.86322420835495
45 -3.437591314315796 -0.1706512719392776
46 -3.868675708770752 -0.354030966758728
47 -1.352074503898621 2.499970436096191
48 -2.542777538299561 -0.9373953938484192
49 -7.240194320678711 -1.350769877433777
50 -5.847517013549805 -1.677114963531494
51 -2.92870020866394 0.4938898384571075
52 -4.608572483062744 0.2715587019920349
53 -2.026942253112793 0.8248719573020935
54 -2.364058494567871 -1.013212442398071
55 -3.772335767745972 -1.533559679985046
56 -3.208137035369873 -0.3406774997711182
57 -5.370541572570801 -1.99798595905304
58 -4.025836944580078 -1.597652316093445
59 -2.560973405838013 0.2514227330684662
60 -1.474243521690369 1.083531737327576
61 -2.580238580703735 -0.2629798948764801
62 -6.857923030853271 -1.942784667015076
63 -3.842023372650146 -2.147643566131592
64 -7.03921365737915 -1.483714818954468
65 -2.74049186706543 -0.5399613976478577
66 -1.978268384933472 0.1952100843191147
67 -3.14134693145752 -1.410343170166016
68 -4.904303073883057 -0.9492501616477966
69 -4.767858982086182 -1.301424980163574
70 -4.123629093170166 0.3248344361782074
71 -3.536953210830688 -0.3588316142559052
72 -3.105488300323486 1.536149144172668
73 -4.373598575592041 2.409011363983154
74 -3.35772180557251 3.980329513549805
75 -2.774186372756958 2.590808391571045
76 -2.907888412475586 3.152068853378296
77 -2.12903881072998 6.958128452301025
78 -2.101373434066772 5.698206424713135
79 -3.656086444854736 2.639858245849609
80 -1.314810037612915 1.411052465438843
81 -4.763476371765137 -1.106128692626953
82 -6.630682945251465 -2.00574803352356
83 -3.304801940917969 -0.9448805451393127
84 -4.894338130950928 -1.860757946968079
85 -1.715992093086243 0.1699156612157822
86 -3.551315307617188 -0.07639884948730469
87 -5.973422050476074 -0.1688157021999359
88 -3.377817153930664 0.6294733285903931
89 -1.178522825241089 1.569661974906921
90 -2.060065507888794 2.913885831832886
91 -4.589588165283203 0.8147695064544678
92 -3.048202037811279 -1.474008917808533
93 -1.572263598442078 0.9473741054534912
94 -3.604505300521851 0.004260346293449402
95 -0.0703025758266449 3.396218538284302
96 -5.30723762512207 -0.6641339659690857
97 -2.235976696014404 1.519057750701904
98 -4.151931285858154 -0.3797513544559479
99 -4.788270473480225 -1.467147469520569
100 -1.734923362731934 1.102492690086365
101 -3.897689342498779 -1.117703557014465
102 -3.882468938827515 0.1106537580490112
103 -4.568960666656494 -0.2650391757488251
104 -2.644091606140137 1.041696548461914
105 -4.165892124176025 -0.5847550630569458
106 -5.112610816955566 -0.9902833700180054
107 -5.384481430053711 2.023699522018433
108 -2.677864074707031 7.029595375061035
109 -2.575122356414795 4.348884582519531
110 -3.570643901824951 2.717232704162598
111 -3.409882783889771 2.444203853607178
112 -1.788382649421692 1.189778208732605
113 -2.050530433654785 5.487295627593994
114 -0.8982985615730286 4.763684272766113
115 -1.117663025856018 2.106943368911743
116 -3.509479284286499 5.829966068267822
117 -5.30221700668335 1.751559853553772
118 -3.684240102767944 1.792544841766357
119 -2.979169607162476 2.516393423080444
120 -4.127162456512451 0.7713332772254944
121 -3.481815576553345 0.8315833210945129
122 -3.762341260910034 2.20788049697876
123 -4.369968891143799 2.526637315750122
124 -2.116283416748047 0.06504222750663757
125 -2.492326259613037 2.809707164764404
126 -4.020666599273682 3.970996856689453
127 -1.959962010383606 3.664800882339478
128 -2.704807043075562 0.1366100013256073
129 -3.387250661849976 -1.305260896682739
130 -2.384934663772583 -1.009433031082153
131 -3.888185262680054 -1.108520150184631
132 -3.458006143569946 0.7062733173370361
133 -2.406202793121338 0.6543179750442505
134 -3.727664470672607 -1.097265481948853
135 -2.256220102310181 0.02066673338413239
136 -3.67766284942627 0.009014248847961426
137 -1.453109383583069 1.044336557388306
138 -3.144445657730103 -0.381247878074646
139 -4.571909427642822 -0.7274256348609924
140 -4.248555183410645 -0.6784663200378418
141 -4.706619739532471 -0.782227098941803
142 -4.68018913269043 -0.3720836341381073
143 -4.191469669342041 -0.7180941104888916
144 -2.666149377822876 -0.417582631111145
145 -3.784756660461426 -0.4855813682079315
146 -3.316312789916992 -1.046449780464172
147 -2.954329967498779 -1.235534071922302
148 -2.529123544692993 0.3437456488609314
149 -2.090631723403931 0.4730009138584137
150 -2.763201713562012 1.544382452964783
151 -1.537435412406921 0.006013870239257812
152 -2.738158226013184 1.795432329177856
153 -4.44102668762207 -0.9306272864341736
154 -2.541832208633423 3.495522499084473
155 -4.512621879577637 0.131492555141449
156 -3.283694744110107 1.183944225311279
157 -4.675088405609131 0.06441836804151535
158 -2.479421138763428 0.01178727857768536
159 -3.333455562591553 0.3399501442909241
160 -6.748438835144043 1.068745970726013
161 -2.633940935134888 0.6509013772010803
162 -5.978084564208984 0.636378288269043
163 -5.910948753356934 -0.1171776875853539
164 -4.955672264099121 1.321187257766724
165 -4.607223510742188 -0.3801893591880798
166 -4.098564624786377 1.383331179618835
167 -5.402335166931152 -1.191454648971558
168 -6.124076843261719 -2.431116819381714
169 -3.828609943389893 0.9302049279212952
170 -6.166938304901123 -0.1567096710205078
171 -4.113306045532227 0.6538747549057007
172 -6.082582950592041 0.6194136142730713
173 -4.65512228012085 0.6097787618637085
174 -2.748903751373291 -0.9743133783340454
175 -1.229373455047607 -0.2829082012176514
176 -3.947960615158081 -0.6861513257026672
177 -5.413341999053955 -1.383269906044006
178 -4.270589351654053 1.542271375656128
179 -4.427047729492188 2.413107872009277
180 -6.757846832275391 3.405474901199341
181 -9.035798072814941 2.995844602584839
182 -4.089948654174805 -0.446961522102356
183 -3.088086366653442 -0.7408686280250549
184 -1.724781036376953 -0.0005820766091346741
185 -3.761629819869995 -0.1268245279788971
186 -2.092412233352661 0.2774920761585236
187 -3.293655395507812 0.1404939144849777
188 -1.915943622589111 0.9909874200820923
189 -3.316502809524536 -0.009157788008451462
190 -3.380392074584961 1.357927322387695
191 -5.988058090209961 1.22396457195282
192 -4.623345375061035 0.5545144081115723
193 -2.267576217651367 2.488455533981323
194 -3.279143333435059 0.9576452970504761
195 -5.802679061889648 -1.075202822685242
196 -3.428853034973145 1.915372371673584
197 -4.05957555770874 1.566843271255493
198 -3.290136337280273 1.717713475227356
199 -2.766891241073608 0.9552203416824341
200 -3.022118806838989 1.036841034889221
201 -3.092331647872925 -0.8578848838806152
202 -2.86756420135498 0.2757966816425323
203 -5.228569030761719 1.289231896400452
204 -0.3709966540336609 1.639900088310242
205 -3.993096590042114 1.894532799720764
206 -2.679150104522705 0.9117522835731506
207 -6.135464668273926 -0.008610688149929047
208 -4.741144180297852 -0.3767708539962769
209 -3.815293073654175 2.168426513671875
210 -7.094552993774414 0.3715880811214447
211 -6.234787940979004 -1.135367155075073
212 -7.661538600921631 0.2083901613950729
213 -5.685341358184814 -0.1657305061817169
214 -4.942689895629883 -0.1109828650951385
215 -4.579493045806885 0.5165961980819702
216 -5.177305221557617 -0.141148567199707
217 -6.739521503448486 0.5137903094291687
218 -3.763849973678589 -0.2286278754472733
219 -5.428174495697021 -0.3659352362155914
220 -6.894254684448242 -0.07608338445425034
221 -4.675546646118164 0.5298634171485901
222 -3.39020848274231 1.198678493499756
223 -4.050969123840332 0.03077865950763226
224 -1.209299206733704 1.028398156166077
225 -3.077879428863525 2.818118333816528
226 -2.823611497879028 0.3097303807735443
227 -3.000890970230103 0.8241341710090637
228 -4.068792343139648 -0.2058808356523514
229 -2.984752655029297 -1.25993800163269
230 -4.252972602844238 -0.9727059602737427
231 -3.34886622428894 0.9980536103248596
232 -2.483194828033447 0.2703946828842163
233 -2.599184989929199 0.3546086549758911
234 -2.902307033538818 3.652803897857666
235 -3.515170812606812 0.6668906807899475
236 -3.611058712005615 -0.5443089008331299
237 -4.198180675506592 1.270960330963135
238 -3.399887800216675 2.874588012695312
239 -6.117037296295166 -0.542162299156189
240 -5.226660251617432 -0.0002183318138122559
241 -2.50117564201355 -0.05373925343155861
242 -3.74129319190979 -1.705713272094727
243 -7.043318748474121 2.974371433258057
244 -9.307086944580078 2.88852596282959
245 -5.231771945953369 -0.5487038493156433
246 -5.925848960876465 3.187051057815552
247 -5.365392684936523 0.8446114063262939
248 -4.559006690979004 -0.8794350624084473
249 -2.076401948928833 -0.311173141002655
250 -1.989559650421143 0.6197774410247803
251 -2.802330493927002 0.8555843830108643
252 -4.284801959991455 -0.3644836246967316
253 -2.528109550476074 1.1186683177948
254 -2.985598087310791 -0.5671898126602173
255 -5.983123779296875 5.018745422363281
256 -7.287496089935303 -0.6916544437408447
257 -3.7424635887146 1.521644949913025
258 -4.675856590270996 0.5675000548362732
259 -1.162354469299316 1.798635363578796
260 -1.690246820449829 2.156962871551514
261 -2.155816555023193 0.5702646970748901
262 -3.16698694229126 -0.03429959714412689
263 -3.882683515548706 0.6010283231735229
264 -3.753859519958496 0.7413811087608337
265 -5.312797546386719 1.126039981842041
266 -1.754227638244629 0.6404943466186523
267 -4.175271987915039 -0.5892651677131653
268 -3.072824478149414 0.1928181499242783
269 -4.209147930145264 -1.993552684783936
270 -3.797166109085083 -0.851207435131073
271 -1.919773936271667 0.003866467624902725
272 -5.192261695861816 -0.7914839386940002
273 -4.456114292144775 -0.4243178367614746
274 -2.703119277954102 -0.3490360379219055
275 -4.656025886535645 0.1078927218914032
276 -4.341897487640381 -2.069715261459351
277 -5.197062492370605 -1.011322975158691
278 -3.851598262786865 0.8766814470291138
279 -4.39198637008667 -0.08189065009355545
280 -2.731155395507812 0.8490490317344666
281 -3.318304538726807 -0.5755611658096313
282 -2.143471479415894 1.291343092918396
283 -3.901684761047363 0.2035399228334427
284 -2.429588317871094 2.778467893600464
285 -2.565220355987549 0.9665992259979248
286 -3.624381303787231 -0.2541749477386475
287 -5.907103538513184 0.3315190970897675
288 -2.151263952255249 -1.368145704269409
289 -3.826093673706055 0.2746486961841583
290 -4.418243885040283 0.1791285574436188
291 -6.70853328704834 -0.532988429069519
292 -3.891345977783203 -0.904873788356781
293 -4.912249565124512 -0.3044072389602661
294 -5.28073263168335 0.9298118948936462
295 -4.721244812011719 -0.3008448481559753
296 -3.564598321914673 2.50609564781189
297 -3.560427904129028 1.745899796485901
298 -3.966603994369507 0.07714999467134476
299 -4.711208343505859 0.4763501882553101
300 -3.587444067001343 -0.5672881603240967
301 -1.954081773757935 0.709842324256897
302 -2.94549560546875 4.775212287902832
303 -2.390254497528076 0.6565888524055481
304 -1.85632860660553 1.820342898368835
305 -1.957401752471924 4.488816261291504
306 -3.053432941436768 2.294613599777222
307 -3.995692491531372 2.283929824829102
308 -3.445256471633911 1.595412731170654
309 -2.251835346221924 2.684779167175293
310 -2.395491600036621 5.033323287963867
311 -0.8531365990638733 6.391067981719971
312 -1.918242692947388 6.329058647155762
313 -3.138217210769653 5.191081523895264
314 -1.471348524093628 5.590588092803955
315 -1.218328237533569 1.227550625801086
316 -0.4564374685287476 5.03546142578125
317 -3.343512535095215 1.37545371055603
318 -0.3089113235473633 4.2534499168396
319 -2.268101930618286 0.7303329110145569
320 -1.5233553647995 9.018581390380859
321 -3.179790735244751 6.692803382873535
322 -2.62741231918335 1.289112329483032
323 -3.530877113342285 1.310307502746582
324 -2.310264110565186 3.063803672790527
325 -0.8560583591461182 3.762353897094727
326 -3.297969579696655 3.187920093536377
327 -3.750434160232544 4.368305206298828
328 -0.5464861392974854 11.59647464752197
329 -3.073301553726196 11.18248653411865
330 -4.533031463623047 0.4362302124500275
331 -1.952299475669861 0.4914195835590363
332 -2.328925371170044 -0.7080245018005371
333 -3.023467540740967 0.8320568203926086
334 -1.978805065155029 2.548380851745605
335 -4.517252445220947 1.627381443977356
336 -5.411266803741455 -1.448510050773621
337 -3.906805753707886 0.3155753910541534
338 -1.528929591178894 1.11343777179718
339 -2.33847451210022 3.346072435379028
340 -4.619608402252197 0.08312293887138367
341 -3.974372625350952 -1.061263084411621
342 -3.583535432815552 -0.1701170802116394
343 -4.73249626159668 -0.7805579304695129
344 -3.559627771377563 -0.5045420527458191
345 -8.437626838684082 1.972567081451416
346 -7.076659679412842 0.1946711093187332
347 -4.010153770446777 -0.4481778740882874
348 -4.070581912994385 -1.132833957672119
349 -9.066469192504883 -1.382195591926575
350 -9.176692962646484 -2.181953191757202
351 -5.92285680770874 -2.741145133972168
352 -4.760404109954834 -3.293156147003174
353 -3.711530923843384 -1.61620557308197
354 -4.043150424957275 -1.27469277381897
355 -4.702741622924805 -1.103015184402466
356 -4.550922393798828 -0.05760414898395538
357 -2.742846250534058 0.8165807723999023
358 -2.938406705856323 0.4926107227802277
359 -1.909806728363037 -0.222420796751976
360 -3.956918239593506 -0.968574583530426
361 -5.7474045753479 -1.407433986663818
362 -1.400246500968933 3.436272382736206
363 -2.096068620681763 -0.7298684120178223
364 -3.663315296173096 -1.266645550727844
365 -3.667176485061646 -1.723166346549988
366 -1.552155375480652 1.367590546607971
367 -4.195082664489746 0.9850718975067139
368 -2.236697196960449 2.230871438980103
369 -4.747515201568604 1.330924272537231
370 -2.43328070640564 1.68738842010498
371 -5.489569187164307 0.5097284913063049
372 -5.297367572784424 1.618340253829956
373 -5.211853981018066 3.429261445999146
374 -4.637624740600586 1.733618974685669
375 -3.60501766204834 1.64603853225708
376 -5.11687707901001 -0.1207621470093727
377 -5.632215023040771 -2.108573436737061
378 -3.286402940750122 -1.4636549949646
379 -2.90221095085144 -0.2883356213569641
380 -2.698204040527344 0.6066194772720337
381 -3.391412258148193 0.04588216543197632
382 -3.955971717834473 1.355735301971436
383 -4.382884502410889 0.2363044917583466
384 -3.048528671264648 0.4405779242515564
385 -3.465935468673706 -2.172818183898926
386 -3.932413101196289 0.2232734113931656
387 -4.801093578338623 0.589059591293335
388 -4.191676616668701 -0.2245429456233978
389 -2.750579833984375 -0.931884765625
390 -2.034356117248535 1.230282783508301
391 -2.313845634460449 1.339317560195923
392 -1.000170469284058 1.395752191543579
393 -2.787098407745361 1.669282078742981
394 -4.299404621124268 2.18491792678833
395 -4.220192909240723 2.071088552474976
396 -2.129892826080322 1.480776906013489
397 -3.995794773101807 5.536339282989502
398 -2.213786602020264 5.134586334228516
399 -0.3828152716159821 5.976303577423096
400 -2.782894134521484 2.960464715957642
401 -0.3331297934055328 4.213845252990723
402 -4.158884048461914 1.820694088935852
403 -2.754292249679565 0.8420741558074951
404 -4.912344932556152 3.606728553771973
405 -3.440940380096436 5.482583522796631
406 -2.746074438095093 1.734049439430237
407 -1.595533728599548 0.967275083065033
408 -2.175716400146484 1.679044723510742
409 -2.331693649291992 0.2744313180446625
410 2.580569505691528 10.80413627624512
411 -1.805849671363831 3.591410160064697
412 -1.451436042785645 4.984952449798584
413 3.038453817367554 8.13691520690918
414 -1.168106913566589 4.951671123504639
415 -2.033127069473267 7.220463752746582
416 -1.226359248161316 1.834444165229797
417 -0.5868338346481323 3.677026748657227
418 -0.7856347560882568 4.146136283874512
419 0.9697650671005249 11.39353466033936
420 1.330580234527588 5.160894393920898
421 -2.07365870475769 0.4866601228713989
422 -2.82161808013916 4.991015434265137
423 -1.022287845611572 2.502396106719971
424 -1.867176413536072 2.079830884933472
425 -2.412675857543945 3.096218585968018
426 -1.551605463027954 4.028856754302979
427 -1.193182587623596 3.263518810272217
428 -3.321208953857422 4.084312438964844
429 -0.3200645446777344 3.79328179359436
430 -2.035284519195557 1.800319194793701
431 -1.322562575340271 0.09918476641178131
432 -0.0310131162405014 4.928714752197266
433 -5.139894962310791 2.35972261428833
434 -2.51323413848877 5.580442428588867
435 -0.5385215878486633 9.186131477355957
436 -0.5849906802177429 5.683547973632812
437 -1.926712393760681 0.8671163320541382
438 -2.848477840423584 4.489216804504395
439 -0.1999692469835281 5.663663864135742
440 -4.119505405426025 0.2553261816501617
441 -1.098819851875305 4.438076972961426
442 -4.494805335998535 5.0245680809021
443 -3.94381308555603 6.542835235595703
444 -1.116999745368958 4.886209487915039
445 -4.333200931549072 1.280866384506226
446 -2.103196382522583 2.918506860733032
447 1.990357756614685 5.503833770751953
448 -0.0965336412191391 4.279169082641602
449 1.633195519447327 9.48036003112793
450 -3.119540452957153 3.611490964889526
451 -2.033304691314697 2.252134084701538
452 0.07703711837530136 5.129092693328857
453 -2.45939826965332 4.072272777557373
454 -4.14991283416748 4.114023685455322
455 -2.55279803276062 5.024978637695312
456 -0.08901583403348923 5.224527359008789
457 -1.453079223632812 6.865370273590088
458 0.3757961094379425 8.981540679931641
459 -0.7614769339561462 6.81317138671875
460 -2.23243522644043 3.617206335067749
461 -2.334306478500366 3.997099161148071
462 -1.604670166969299 1.486968040466309
463 -1.038468360900879 7.418264389038086
464 -2.052014827728271 8.342185020446777
465 1.10111391544342 7.088878631591797
466 -4.059719562530518 0.6901066899299622
467 -2.415323734283447 0.4150457978248596
468 -2.397650241851807 -0.764862596988678
469 -2.247778177261353 1.289604306221008
470 -2.249155521392822 4.024624824523926
471 0.4578675627708435 9.177580833435059
472 -1.846013069152832 6.051254749298096
473 -2.5837562084198 3.516824722290039
474 -0.2225988209247589 10.79019165039062
475 -0.4172143936157227 4.504666805267334
476 -2.117431402206421 1.264145135879517
477 -2.90987753868103 0.4811091423034668
478 -1.658357858657837 10.29353046417236
479 2.101511478424072 4.114526271820068
480 -1.938209056854248 1.942614674568176
481 -1.1968013048172 7.280444622039795
482 -0.2847231030464172 6.185351848602295
483 -2.007024049758911 4.700977325439453
484 -3.069355964660645 1.721202850341797
485 -1.36770236492157 2.379844665527344
486 -1.233597636222839 3.745384216308594
487 -4.394615173339844 -0.3275161385536194
488 -1.435136795043945 7.705364227294922
489 -1.04708456993103 2.938681602478027
490 -0.3827834129333496 5.938783168792725
491 -1.200053691864014 2.549475193023682
492 -0.7948799133300781 1.279975533485413
493 0.5126731991767883 2.872918605804443
494 -1.32532000541687 1.868987560272217
495 0.2616468966007233 6.48983097076416
496 -1.740501403808594 2.796481370925903
497 -3.311168193817139 2.617558717727661
498 -1.870730876922607 3.939152717590332
499 -5.440283298492432 6.03195858001709
500 0.1831551492214203 6.268689155578613
501 -3.878629207611084 2.883877038955688
502 -2.076867818832397 5.677875518798828
503 -1.791394114494324 2.925364017486572
504 -1.690053820610046 4.930197715759277
505 -0.4870918691158295 3.821866512298584
506 -1.694387435913086 4.845309734344482
507 0.007713407278060913 6.95990514755249
508 2.01759672164917 3.340260028839111
509 -1.721296310424805 7.835957527160645
510 -0.7037341594696045 2.063170433044434
511 -1.428309679031372 3.853758811950684
512 -2.533076763153076 0.05219660699367523
513 -0.4330504834651947 7.84504222869873
514 -2.624292373657227 2.171700716018677
515 -2.040249824523926 1.603723645210266
516 -1.723937153816223 2.813588857650757
517 -2.768912792205811 4.362075328826904
518 -4.316036224365234 1.778729796409607
519 -1.919705748558044 4.962732791900635
520 -1.15174388885498 3.637585401535034
521 -2.121016263961792 2.082557439804077
522 -0.9738501310348511 1.959233045578003
523 -2.131490707397461 5.632224559783936
524 -1.640556931495667 5.994389057159424
525 -2.77418041229248 1.995067477226257
526 -4.191095352172852 1.242409586906433
527 -2.035264015197754 6.212924003601074
528 -2.227102994918823 7.637848854064941
529 -4.51780366897583 6.56957483291626
530 -1.358966946601868 8.904802322387695
531 0.4380784630775452 7.360157012939453
532 0.1757808923721313 4.248441219329834
533 -2.300247430801392 3.174475908279419
534 0.5837806463241577 3.114290714263916
535 -3.82219123840332 3.474341630935669
536 -2.548656225204468 0.3123480975627899
537 -4.126512050628662 0.9238767027854919
538 -3.671464204788208 -0.2839657962322235
539 -3.002760887145996 4.248692512512207
540 -0.9482365846633911 3.949305534362793
541 -3.502856731414795 1.509417533874512
542 -2.846911430358887 3.317648887634277
543 -1.587342619895935 10.00666999816895
544 0.1175119653344154 2.310177803039551
545 -2.887187719345093 3.009042739868164
546 0.6836050748825073 6.151113510131836
547 -2.559770822525024 0.9669159650802612
548 -5.618978500366211 0.204245463013649
549 -4.262741088867188 6.301088809967041
550 2.917802095413208 7.699954986572266
551 -2.280911922454834 1.71833598613739
552 0.2222294807434082 7.483904838562012
553 -0.1912255585193634 3.121111154556274
554 -3.859653949737549 6.175487995147705
555 -3.840259075164795 1.765290975570679
556 -3.222426176071167 0.6150534749031067
557 -1.373759865760803 4.121297836303711
558 0.1143520846962929 5.81382942199707
559 -3.335868120193481 5.22407054901123
560 -0.08522172272205353 3.636145353317261
561 -2.578651189804077 1.224720478057861
562 -1.765370607376099 1.461405515670776
563 0.3039425611495972 5.278292655944824
564 -3.897908687591553 10.63400077819824
565 -5.374986171722412 1.649149894714355
566 -2.53400444984436 2.447572231292725
567 -2.458950281143188 0.8295338749885559
568 -2.25156569480896 4.057076930999756
569 -1.738691806793213 2.925564050674438
570 -2.56226634979248 1.713736295700073
571 -2.204861164093018 6.748412609100342
572 -4.10014009475708 6.033678531646729
573 -0.7301443219184875 5.855045318603516
574 -3.490394592285156 0.8243283629417419
575 0.9729184508323669 8.051060676574707
576 -1.679860234260559 0.4358486235141754
577 -2.954704284667969 1.00464916229248
578 -0.6903247237205505 1.077742218971252
579 -3.457156419754028 4.413733959197998
580 -2.441511392593384 1.790544629096985
581 0.2799292206764221 4.451529502868652
582 -2.724018573760986 -0.5814089179039001
583 -2.629671335220337 1.234295010566711
584 -3.988001108169556 4.421484470367432
585 -0.4281204640865326 14.78346347808838
586 1.630217909812927 4.199827671051025
587 -2.269362688064575 -0.7478063106536865
588 0.3385636210441589 6.596064567565918
589 -0.1616494655609131 4.598265647888184
590 0.2820931673049927 3.914913177490234
591 -1.225529193878174 7.17919397354126
592 2.432136058807373 6.618616104125977
593 -2.435680150985718 3.961374044418335
594 -1.55137300491333 4.702236652374268
595 -5.130990982055664 1.322743654251099
596 -1.669801592826843 3.551660537719727
597 -0.4719367325305939 7.269953727722168
598 -2.777637958526611 1.352416634559631
599 -2.697393417358398 6.174336910247803
600 -0.1196304261684418 5.301370620727539
601 0.7159754037857056 9.68394947052002
602 -2.117342948913574 2.465648651123047
603 -0.9930015206336975 2.286017417907715
604 -2.751975059509277 0.1271016150712967
605 -0.7984470725059509 3.543444871902466
606 0.7700456380844116 7.04918098449707
607 1.061671495437622 5.608891487121582
608 -2.528692960739136 3.530592441558838
609 -0.6575083136558533 3.733591079711914
610 -3.514762163162231 2.041745185852051
611 -1.848864078521729 3.255856037139893
612 0.4630005657672882 7.33798885345459
613 -3.810162305831909 0.4887005388736725
614 -0.7074101567268372 4.788284301757812
615 -1.424513339996338 2.838809967041016
616 -2.329742908477783 3.756494283676147
617 -1.547752141952515 7.047465801239014
618 0.1086713671684265 4.072147846221924
619 -1.027579426765442 3.931710481643677
620 1.120353937149048 5.246090412139893
621 0.1932135671377182 8.808157920837402
622 -0.641365647315979 3.329895973205566
623 -1.899524092674255 3.450603485107422
624 -0.8784557580947876 11.06608963012695
625 -2.844895124435425 4.570096015930176
626 -3.035829544067383 0.650220513343811
627 1.231902122497559 8.478198051452637
628 -3.632141351699829 1.256334662437439
629 -2.333438873291016 1.386696696281433
630 -1.203075408935547 8.242069244384766
631 -2.451106786727905 2.204558610916138
632 -0.3056169152259827 5.793109893798828
633 -0.4543635547161102 5.671836376190186
634 -0.02928325533866882 4.828831672668457
635 -4.276657581329346 1.456345200538635
636 0.144913911819458 4.995335102081299
637 -0.6435755491256714 5.17676305770874
638 2.677043676376343 12.70286846160889
639 -2.910494327545166 2.966067790985107
640 -1.828397393226624 2.688710451126099
641 -0.2824280560016632 4.782929420471191
642 -1.79787003993988 3.718306064605713
643 -1.964028716087341 2.49450159072876
644 -2.687885761260986 3.562258958816528
645 2.101236343383789 13.00472545623779
646 -1.496413707733154 4.607369899749756
647 -0.8744518160820007 6.838075637817383
648 -0.7681525945663452 4.251905918121338
649 -2.518892765045166 5.003265380859375
650 -2.450647115707397 4.196544647216797
651 -0.5249618291854858 3.288875341415405
652 -5.457708358764648 3.944219827651978
653 -2.392766952514648 0.8866415023803711
654 -2.152165412902832 7.399383068084717
655 -2.674978256225586 0.5577199459075928
656 -0.9666467308998108 4.252460479736328
657 -3.143283128738403 0.511050820350647
658 -2.514877080917358 7.78122615814209
659 -1.283861398696899 1.895399451255798
660 -4.80370044708252 5.68035888671875
661 -2.092211484909058 1.91780960559845
662 -5.248026371002197 -0.8381235003471375
663 -1.354217648506165 6.44014310836792
664 -4.850881576538086 4.854078769683838
665 1.102264523506165 8.773515701293945
666 -2.375087022781372 0.2134974747896194
667 -2.758244514465332 2.730658769607544
668 0.6359308958053589 5.0663743019104
669 -3.497945547103882 2.521811962127686
670 -2.132616281509399 3.915940284729004
671 -1.436857581138611 0.3339464366436005
672 -4.049797534942627 -0.09622061997652054
673 -2.282796621322632 1.882570147514343
674 -0.9562850594520569 5.917302131652832
675 -1.377646446228027 5.156889915466309
676 -3.304112672805786 1.490063190460205
677 0.1150591671466827 3.790233135223389
678 0.7324650287628174 16.06421852111816
679 -3.067261219024658 0.8076007962226868
680 -2.133883714675903 3.667342185974121
681 0.8212084770202637 7.238868713378906
682 -1.207225203514099 8.120404243469238
683 -1.147598028182983 6.779813289642334
684 -2.60424017906189 4.152364253997803
685 -0.3161680102348328 3.334171533584595
686 -3.067184925079346 3.153415203094482
687 0.3512904345989227 2.211729526519775
688 -5.392740726470947 2.387644529342651
689 0.8254953622817993 7.175460815429688
690 -3.090109586715698 2.562351703643799
691 -2.189756870269775 0.1321855783462524
692 -1.965196847915649 5.42795991897583
693 3.400850772857666 5.597855567932129
694 -2.081896781921387 5.591457843780518
695 -1.960082054138184 8.248147964477539
696 1.589989185333252 5.631062030792236
697 1.266530752182007 9.820101737976074
698 0.05581007897853851 3.231352567672729
699 -4.038243293762207 2.088807582855225
700 -2.414146661758423 4.789503574371338
701 1.882898807525635 6.496802806854248
702 -0.9942968487739563 2.822391510009766
703 -1.723837018013 3.220423221588135
704 -2.26934289932251 4.828045845031738
705 0.2073346376419067 6.853820323944092
706 -4.995388507843018 3.131646871566772
707 -3.519280910491943 2.574366569519043
708 -4.984358787536621 10.63063144683838
709 -1.373075485229492 5.154114723205566
710 2.716277599334717 9.056739807128906
711 1.823926687240601 8.037528991699219
712 2.617334365844727 6.877327919006348
713 -1.406957149505615 6.04664134979248
714 -0.7467527389526367 4.376669406890869
715 -1.407983064651489 4.065060138702393
716 -4.8019118309021 0.6745035648345947
717 1.87887716293335 5.555294513702393
718 -2.536215782165527 1.629381775856018
719 -3.441107511520386 3.310003995895386
720 -3.137562990188599 8.611440658569336
721 1.247167587280273 4.563436508178711
722 -2.145458698272705 3.443027973175049
723 -1.865762829780579 2.490246772766113
724 -1.698588132858276 12.677170753479
725 -5.123134613037109 0.9984179735183716
726 -0.9116972684860229 8.006379127502441
727 -4.906326293945312 4.556340217590332
728 -2.369622707366943 1.36667537689209
729 1.303174376487732 9.45448112487793
730 -1.81731116771698 3.021010875701904
731 -0.8157361149787903 6.531123638153076
732 0.7627849578857422 5.103696823120117
733 -1.123808622360229 2.491715669631958
734 -2.030921220779419 7.066393852233887
735 -3.24859881401062 1.133653283119202
736 -1.204332232475281 6.027101516723633
737 -1.812461018562317 5.243186950683594
738 -0.2267440855503082 6.480189323425293
739 -0.108403205871582 5.073606014251709
740 -2.845567464828491 1.254334330558777
741 -0.7823086380958557 2.966035604476929
742 -0.2367824912071228 4.544726371765137
743 -1.390395402908325 4.18771505355835
744 -2.803261518478394 5.028326511383057
745 -2.000322818756104 9.242472648620605
746 -0.1359623670578003 4.577274799346924
747 -1.911326289176941 1.050615191459656
748 -1.404682397842407 3.42858099937439
749 2.117424249649048 5.658696174621582
750 -0.8462105989456177 10.13634872436523
751 -1.601833343505859 2.938758373260498
752 -2.836747407913208 -0.0125066265463829
753 -1.705938696861267 2.693296670913696
754 -1.141327977180481 3.736523628234863
755 -2.203318357467651 6.64036226272583
756 -1.498266100883484 5.296517848968506
757 -0.5673574805259705 5.119722366333008
758 -2.920650720596313 2.425527572631836
759 -1.30885648727417 3.188621282577515
760 -2.232006788253784 1.615622878074646
761 -1.412359714508057 4.479282379150391
762 -0.467000812292099 6.480674266815186
763 -3.269407510757446 1.944871306419373
764 -1.474191308021545 4.44028902053833
765 -2.634978055953979 5.69962215423584
766 -2.072117805480957 2.350005149841309
767 -2.984142303466797 1.536574125289917
768 2.506500244140625 11.17301654815674
769 -1.651102900505066 1.381955146789551
770 0.6849366426467896 9.681757926940918
771 -1.456812858581543 3.924481391906738
772 -0.405525416135788 6.045308589935303
773 2.603362321853638 11.22537803649902
774 0.364587128162384 5.757678031921387
775 -1.26764714717865 3.905870199203491
776 -1.191694140434265 5.610764026641846
777 -3.889644861221313 0.2714102864265442
778 -3.536428689956665 7.78040075302124
779 -0.03219051659107208 6.749627590179443
780 -3.629578828811646 0.623471200466156
781 -3.865095376968384 3.318872690200806
782 -2.888556241989136 8.741861343383789
783 1.618733882904053 7.77915620803833
784 0.979933500289917 15.2583703994751
785 1.22729504108429 13.10640239715576
786 -2.20533275604248 3.241976737976074
787 -0.7819381356239319 2.380461692810059
788 -1.653442621231079 4.750031471252441
789 -1.354307770729065 3.628008842468262
790 -2.28461766242981 3.710306882858276
791 0.6536188125610352 3.640298843383789
792 -0.2408907115459442 4.581361770629883
793 -0.8372145295143127 7.376755237579346
794 -1.426504015922546 7.871277332305908
795 1.867100238800049 8.096903800964355
796 -3.070517539978027 5.400234699249268
797 -2.535117864608765 1.893120765686035
798 -2.309080123901367 4.964982032775879
799 -3.632739305496216 4.687273979187012
800 -3.755096673965454 4.551909923553467
801 -2.741970777511597 5.782882690429688
802 -1.365015625953674 5.382954120635986
803 -2.421864986419678 1.445871949195862
804 -2.797804594039917 1.58738112449646
805 0.8632326126098633 6.480796813964844
806 -3.460471868515015 5.182092189788818
807 -1.425121545791626 2.518662929534912
808 -1.076122999191284 5.976760864257812
809 -3.343026399612427 1.204062223434448
810 -5.468302726745605 4.518301486968994
811 -3.896092414855957 5.70208740234375
812 -0.153876006603241 4.213241100311279
813 -2.023919820785522 6.114798069000244
814 1.389395356178284 10.41436958312988
815 -1.876087188720703 3.06252646446228
816 -1.309904336929321 1.679452419281006
817 -1.094284415245056 7.741425514221191
818 -4.311221599578857 -1.07750129699707
819 2.482236623764038 4.693700790405273
820 -1.651468634605408 3.368101596832275
821 -5.657559394836426 -1.062657117843628
822 -5.874282836914062 1.332926630973816
823 -1.938762664794922 1.75262463092804
824 -1.741249084472656 3.918607473373413
825 -0.1095649003982544 6.475870609283447
826 -2.546100616455078 3.947901725769043
827 0.183782547712326 3.808416366577148
828 0.652182400226593 4.355165958404541
829 0.3573882281780243 6.729175090789795
830 -2.519639730453491 2.181946277618408
831 -0.1871334761381149 4.042932987213135
832 -3.057536840438843 1.898883581161499
833 -2.839868783950806 -1.021347403526306
834 -3.074032545089722 0.01359844207763672
835 -1.790210723876953 1.977442502975464
836 0.0017238799482584 6.377931594848633
837 -0.6058084964752197 4.261378288269043
838 0.4276228249073029 5.009799957275391
839 1.151695728302002 4.881535530090332
840 -4.297529697418213 2.341991424560547
841 1.339207053184509 8.410205841064453
842 -1.401601314544678 4.317957878112793
843 -0.4110362827777863 4.285062789916992
844 -0.4757765531539917 4.41118335723877
845 1.132859587669373 7.44764232635498
846 -0.07678535580635071 9.81735897064209
847 0.2259976863861084 4.162558078765869
848 -1.473517656326294 -0.2114535272121429
849 -1.902292013168335 5.945201396942139
850 -3.507818222045898 7.17019510269165
851 -1.406100630760193 1.658647775650024
852 0.5345999598503113 6.408220291137695
853 -0.8750587701797485 2.983765125274658
854 -5.36078405380249 4.770718097686768
855 -2.327712059020996 1.493178844451904
856 -0.3081352114677429 5.535702705383301
857 -2.903833389282227 3.316255569458008
858 -4.30766487121582 0.7486472129821777
859 -4.121472835540771 5.735589027404785
860 0.4235005080699921 2.605444669723511
861 -4.118507385253906 3.149498462677002
862 0.5554729104042053 4.339595794677734
863 0.7553799152374268 3.130266427993774
864 -4.401017189025879 1.954584121704102
865 -2.723496198654175 1.680008888244629
866 -2.177399635314941 0.6250098347663879
867 -2.071525573730469 1.942084312438965
868 -3.288134574890137 2.240332126617432
869 1.739615201950073 4.732133865356445
870 -1.474376201629639 2.726065397262573
871 -1.41818106174469 1.152310609817505
872 -4.078032970428467 5.262068748474121
873 -1.056115508079529 7.406005382537842
874 -4.247443199157715 2.760259389877319
875 -3.75482964515686 -0.900474488735199
876 -3.555724620819092 4.382575511932373
877 -0.05251522362232208 5.32235860824585
878 -3.116234302520752 7.013988971710205
879 -3.224296808242798 4.125901699066162
880 0.719480037689209 8.771021842956543
881 -2.096115112304688 3.023026704788208
882 -5.139514923095703 3.35466194152832
883 -0.2765985727310181 3.892583608627319
884 -0.4276085495948792 6.505624294281006
885 -3.17576265335083 4.822169780731201
886 -1.374422907829285 4.917315483093262
887 -2.189543008804321 6.201982498168945
888 -1.565635085105896 4.898849487304688
889 -5.143378734588623 0.7376662492752075
890 -3.447371959686279 0.7086946368217468
891 -2.192203283309937 1.636163115501404
892 -2.796347618103027 1.529547929763794
893 1.539902448654175 13.91381549835205
894 1.895881772041321 4.696187019348145
895 -0.9124741554260254 3.57457160949707
896 -1.99248731136322 8.436312675476074
897 1.895915627479553 6.405972957611084
898 -3.856228828430176 4.093639373779297
899 -1.578706979751587 8.152345657348633
900 -4.556847095489502 6.9634690284729
901 -1.045320272445679 2.078161954879761
902 -5.855372905731201 4.341075420379639
903 2.260279417037964 8.38031005859375
904 -2.245863676071167 2.626081228256226
905 0.4307802021503448 5.639498710632324
906 -1.648766875267029 4.967289924621582
907 -0.09965585172176361 2.899711608886719
908 1.230065226554871 4.569447994232178
909 -1.295739889144897 7.043238162994385
910 -4.24126148223877 2.950462818145752
911 -1.406856775283813 6.94682788848877
912 0.9622654914855957 3.648313283920288
913 -1.458011507987976 4.489063262939453
914 -1.037490129470825 0.9983301162719727
915 -3.525659084320068 1.084054946899414
916 -6.476192474365234 4.574155807495117
917 -1.404478311538696 8.89415454864502
918 -2.530614614486694 3.806642055511475
919 -0.07835446298122406 5.876832962036133
920 -0.6711826920509338 9.397363662719727
921 -1.891173005104065 3.647357702255249
922 -1.621633410453796 6.072096347808838
923 -2.976225614547729 5.683828830718994
924 -4.741527080535889 4.889340400695801
925 -2.001759052276611 3.536531209945679
926 -3.863850831985474 2.077279090881348
927 -4.612205982208252 -0.8721449375152588
928 -4.77841854095459 1.268799424171448
929 -2.635080575942993 6.525124073028564
930 1.302000999450684 4.73816967010498
931 -3.970273494720459 -1.688754916191101
932 -3.944817543029785 -0.08236689865589142
933 -2.309159755706787 0.4920830428600311
934 -5.302051067352295 1.419437170028687
935 -3.492352247238159 -1.709384083747864
936 -3.285338878631592 3.371345281600952
937 -1.550057649612427 7.577301979064941
938 -0.4667039513587952 3.06428074836731
939 -1.916784167289734 5.687179565429688
940 -2.497613906860352 3.14122462272644
941 -3.144943237304688 0.6699166297912598
942 -4.00347900390625 4.853061676025391
943 -3.505565643310547 0.0792764276266098
944 -0.8762840628623962 4.277643203735352
945 -2.293936967849731 5.369790077209473
946 -2.750686407089233 4.888909816741943
947 -0.8070418238639832 6.335729122161865
948 -2.498202323913574 1.20829176902771
949 -1.230434656143188 3.363452196121216
950 -1.115788221359253 3.312462329864502
951 -2.859948873519897 3.493650436401367
952 -2.898198843002319 1.920603156089783
953 -3.450453758239746 4.669670581817627
954 -1.9227374792099 4.878105163574219
955 -1.72477114200592 1.613928437232971
956 -4.42375659942627 -0.07920920848846436
957 -3.485172748565674 4.56690788269043
958 -3.499385833740234 2.133898735046387
959 -1.520958542823792 2.656997919082642
960 -3.662024974822998 1.054352164268494
961 -2.053497314453125 3.666861295700073
962 -2.890079975128174 3.098949909210205
963 -4.117958545684814 0.878251850605011
964 -4.005508899688721 -1.11556077003479
965 -5.179130077362061 -0.7635895609855652
966 -3.906051397323608 0.5296795964241028
967 0.075279600918293 3.549765825271606
968 -3.535325527191162 0.1415474712848663
969 -2.18092942237854 4.36186695098877
970 -2.251091957092285 2.186153650283813
971 -1.845889449119568 0.1788284331560135
972 -1.673707008361816 7.92171573638916
973 -3.226991891860962 1.780796527862549
974 -1.501796960830688 5.023906230926514
975 -2.381130933761597 1.067887902259827
976 -0.4287436902523041 2.06406831741333
977 -1.618166208267212 -0.7050617337226868
978 -0.5346736311912537 2.361246347427368
979 -2.017054319381714 2.798261165618896
980 -2.341626167297363 0.3000165820121765
981 -3.025620937347412 -0.638123631477356
982 -1.061619520187378 1.167668223381042
983 -2.090288162231445 1.385405540466309
984 -0.8522031307220459 3.345246553421021
985 0.5518680214881897 3.203520059585571
986 -1.204525470733643 8.178925514221191
987 -4.905303955078125 -0.03099127113819122
988 -1.166883111000061 4.897677898406982
989 -3.704432487487793 2.709373474121094
990 -3.878347635269165 1.514254808425903
991 -4.703096389770508 4.782210826873779
992 -2.976907253265381 1.717040657997131
993 -3.272758007049561 0.5022503733634949
994 -6.324275970458984 -0.1671774238348007
995 -3.709352731704712 1.573284387588501
996 -4.485421657562256 7.978033542633057
997 -3.081576108932495 2.21515965461731
998 -5.233201026916504 0.1920910477638245
999 -0.8318073749542236 2.62309741973877
1000 -1.982182145118713 7.712524890899658
